Train_ID,Score
8353,0.10499903932213783
4775,0.08783677592873573
5270,0.03528464585542679
9955,0.030253544449806213
9350,0.02645165380090475
9731,0.024978390894830227
1339,0.023741832934319973
4938,0.023538552224636078
5250,0.02347313892096281
5611,0.023460250347852707
2235,0.02314708475023508
6767,0.022212300449609756
766,0.020917422138154507
1962,0.02018224261701107
986,0.02010049670934677
541,0.0200551375746727
5291,0.018766489811241627
4505,0.01801595836877823
256,0.017840181477367878
2304,0.017417745664715767
6704,0.01705047022551298
2629,0.016465366818010807
4703,0.015458972658962011
27,0.015420461539179087
9858,0.015300703700631857
1559,0.014610801823437214
2692,0.01441829651594162
9884,0.014387898612767458
7589,0.013743420131504536
6116,0.013485233299434185
4793,0.013313911855220795
4867,0.01300056278705597
650,0.012806678656488657
8912,0.012573940679430962
5725,0.012569308280944824
6964,0.012445818167179823
2051,0.0116875059902668
8553,0.011566892731934786
7660,0.011403311509639025
7563,0.011391246691346169
9372,0.011314734816551208
2482,0.011274658609181643
1094,0.011113119311630726
9285,0.01091086957603693
1123,0.010866415221244097
4463,0.010847498197108507
7139,0.010688007343560457
1537,0.010649848263710737
2278,0.010621599853038788
833,0.010598595254123211
2632,0.010440058074891567
7838,0.010414032731205225
1940,0.010301749221980572
902,0.010137225966900587
89,0.010112243238836527
9914,0.010014835745096207
8603,0.00982261635363102
7371,0.009800221305340528
5310,0.009774080011993647
211,0.009758979082107544
3465,0.00972513947635889
4089,0.00963647197932005
7588,0.00958325294777751
3419,0.009265655651688576
9787,0.009244335815310478
45,0.009187848307192326
2400,0.009160019923001528
2308,0.009135936852544546
2339,0.008956015575677156
8660,0.008889850229024887
9500,0.008756197057664394
5697,0.00874558836221695
955,0.008677801117300987
70,0.008615403901785612
948,0.008505545556545258
7221,0.008492634166032076
5646,0.00839588325470686
5383,0.008204438257962465
7607,0.008192776702344418
3759,0.00819161394611001
666,0.008167149499058723
727,0.008160866796970367
3115,0.008143697399646044
4210,0.008125039283186197
9714,0.008077293168753386
8165,0.008048663847148418
3927,0.008038158062845469
737,0.008032232988625765
7345,0.00800362229347229
3304,0.007981690112501383
9204,0.007941300980746746
2221,0.007933495100587606
648,0.007928735110908747
3803,0.007803626591339707
9335,0.007771437056362629
5407,0.00768789928406477
9817,0.007672072155401111
3812,0.00766568467952311
9539,0.007639985298737884
3693,0.0075818507466465235
4829,0.007550857961177826
5509,0.007541766855865717
6891,0.007535460637882352
7933,0.007529578171670437
5165,0.007501387502998114
2003,0.007496881298720837
7553,0.007454116363078356
9872,0.007448378251865506
626,0.007441667141392827
8423,0.0073206627275794744
4520,0.007310712710022926
6798,0.007305446779355407
3650,0.007262571714818478
3064,0.007230435032397509
5287,0.007203989662230015
3311,0.007165828021243215
8629,0.007139337249100208
374,0.00702814687974751
9515,0.007028024410828948
6828,0.007019669283181429
6967,0.007019432028755546
6077,0.007011120673269033
7840,0.006986848544329405
6582,0.006932337302714586
6314,0.0069246175698935986
6505,0.006901332410052419
1825,0.00689669675193727
1153,0.006874384358525276
5757,0.006843694020062685
8025,0.006823047064244747
359,0.006806604564189911
7448,0.006801072508096695
5536,0.006790834711864591
3744,0.0067825112491846085
190,0.006778088863939047
3477,0.006763542303815484
5190,0.0067222267389297485
8587,0.0067084969487041235
8778,0.006702755345031619
380,0.006699282210320234
1928,0.0066799889318645
6143,0.006656316574662924
1623,0.006625422742217779
7152,0.006620565662160516
8200,0.006606982322409749
1099,0.0065905877854675055
7191,0.006576967192813754
3390,0.006574429105967283
2030,0.006526636891067028
5185,0.006523995194584131
866,0.006501449039205909
7922,0.006488969083875418
8429,0.006452916190028191
6673,0.006446795770898461
763,0.006446409039199352
5150,0.006436013616621494
1056,0.006418046075850725
18,0.006415655137971044
6642,0.006410092115402222
371,0.006390424678102136
3218,0.006380640435963869
9932,0.006370264338329434
2176,0.006370072020217776
4711,0.006351788528263569
9950,0.006330815842375159
4918,0.0063062363769859076
8247,0.006304123904556036
4732,0.006239499896764755
646,0.00623730756342411
3341,0.006228927290067077
3089,0.006213635904714465
1022,0.00618590135127306
6580,0.006149723893031478
4365,0.006142790662124753
622,0.006120993290096521
5680,0.00608548941090703
5492,0.006067811045795679
5086,0.0060434769839048386
4944,0.006026833551004529
4785,0.006018444430083036
4395,0.006011142861098051
7409,0.006010166369378567
3606,0.005979775916785002
7671,0.005970850586891174
8759,0.005964822368696332
571,0.0059376247227191925
4833,0.005934671964496374
5251,0.0059243913274258375
3458,0.005893779452890158
1488,0.0058542340993881226
3946,0.005850515328347683
2070,0.005829810863360763
8963,0.005827286746352911
9956,0.005813234020024538
7353,0.00579997873865068
6158,0.005777799524366856
8296,0.005739947082474828
6979,0.005646343808621168
7760,0.005615447647869587
5996,0.005612052045762539
6799,0.005604913458228111
7064,0.005604606121778488
4016,0.0055916758719831705
8453,0.005559924058616161
4052,0.0055539729073643684
8506,0.005541799357160926
8976,0.005515481345355511
8357,0.005504859844222665
335,0.00548130739480257
2133,0.005469485651701689
4636,0.00546613335609436
6954,0.005465314956381917
6845,0.005454035708680749
8442,0.0054510789923369884
2258,0.0054422542452812195
90,0.0054305014200508595
1567,0.005426149815320969
8266,0.0054234289564192295
6554,0.005414423067122698
6830,0.005412944825366139
6982,0.005405815551057458
4172,0.005387956043705344
3758,0.005376278189942241
759,0.005375500302761793
8053,0.005365825956687331
5842,0.00533183291554451
3593,0.005328562576323748
9511,0.0053269038908183575
7167,0.005311212735250592
7905,0.005298655014485121
4129,0.005294484086334705
5008,0.005283374805003405
7457,0.00526833301410079
7552,0.005254523595795035
7226,0.005240351194515824
1677,0.005235189571976662
2392,0.0052339667454361916
620,0.0052289036102592945
9379,0.005214308155700564
5885,0.005213298834860325
3938,0.005207791458815336
4494,0.005197247955948114
2847,0.005192384123802185
7774,0.005167647730559111
6616,0.005167337832972407
6051,0.005163891240954399
4983,0.005163252353668213
867,0.005141276633366942
3339,0.005138221895322204
9220,0.005130182486027479
2300,0.005124206421896815
7780,0.005096935899928212
3579,0.005092843901365995
3215,0.0050904047675430775
5732,0.005084568401798606
7250,0.005081916693598032
4268,0.005058630369603634
4942,0.005045888479799032
8452,0.005033673718571663
8127,0.005027469480410218
9121,0.00501427729614079
7291,0.005004993639886379
4055,0.004990291548892856
1253,0.004986668936908245
8134,0.004979708231985569
5279,0.004972747061401606
3193,0.004971145885065198
9589,0.004964143270626664
6785,0.004955844720825553
7740,0.004951367853209376
5501,0.004946156404912472
6579,0.00494548212736845
8508,0.004940942395478487
5717,0.004927843576297164
9922,0.004925645887851715
1920,0.004917619749903679
7870,0.00490102032199502
2424,0.004899948602542281
5318,0.004896381637081504
1281,0.004888740833848715
1799,0.004885288188233972
4800,0.004881564993411303
7360,0.004873604280874133
7562,0.00487325806170702
2746,0.004863624228164554
6601,0.0048394722398370504
4579,0.004839467583224177
1058,0.0048380515072494745
7975,0.004832163918763399
5903,0.004824069794267416
7084,0.004798633046448231
8139,0.004795319167897105
1882,0.004791742889210582
4568,0.0047884597443044186
6220,0.00477449712343514
7093,0.004766061203554273
1214,0.004763099132105708
5769,0.004763009259477258
5532,0.004759552422910929
9420,0.004734658403322101
1571,0.004726154496893287
7982,0.004721731645986438
1182,0.00471524940803647
7375,0.0047034891322255135
926,0.0046939365565776825
3414,0.004691268550232053
8931,0.004684153478592634
1431,0.004683384904637933
2127,0.004677862394601107
4880,0.004664126085117459
3641,0.004652382805943489
1924,0.004645314998924732
388,0.004627782851457596
5938,0.00462440075352788
231,0.004615554818883538
9729,0.004613349912688136
4197,0.004609177354723215
5367,0.004608251620084047
6102,0.004605529829859734
7415,0.004603046923875809
6925,0.0045949118211865425
3439,0.004593044286593795
601,0.004586237715557218
2803,0.004568165168166161
3526,0.0045405360870063305
8733,0.004532631020992994
2623,0.004527196288108826
4319,0.0045266225934028625
8801,0.00452489941380918
1501,0.004510622704401612
7033,0.004494800232350826
8890,0.00448575709015131
8092,0.004480401752516627
794,0.004477660404518247
4077,0.004467371851205826
9742,0.004429977620020509
9259,0.004428017418831587
4756,0.004414790775626898
59,0.004413498565554619
214,0.004413233138620853
2062,0.004411653149873018
2222,0.004410690860822797
8799,0.004408516688272357
294,0.004397094715386629
9482,0.004397018114104867
5229,0.004383323481306434
6400,0.004375307587906718
6470,0.0043713191989809275
7508,0.004362682346254587
7861,0.004362144274637103
7645,0.004341950872913003
9414,0.004337701480835676
2941,0.004330111667513847
2302,0.0043202966917306185
5305,0.0043154500890523195
2128,0.0043144794180989265
890,0.004312247037887573
392,0.004299234366044402
2192,0.004292561439797282
4398,0.004291232908144593
8539,0.004288454540073872
4968,0.00428620190359652
171,0.004286195384338498
5433,0.004285083385184407
4449,0.004272625083103776
9886,0.004269895143806934
4959,0.004263753537088633
9338,0.0042596443090587854
1033,0.004256816580891609
9218,0.004251946695148945
4687,0.004243850475177169
5811,0.004243818577378988
1191,0.00424010818824172
8269,0.004237410146743059
7442,0.004208517726510763
7263,0.004204983124509454
4374,0.00418921560049057
9228,0.004188885912299156
7831,0.004169313469901681
8141,0.004148059990257025
4394,0.004143702797591686
4157,0.0041166129522025585
1609,0.004114237846806645
6416,0.004102455917745829
118,0.004100667545571923
6090,0.0040916630532592535
9059,0.00408978620544076
7374,0.004088634625077248
5873,0.004076710203662515
6801,0.004054505378007889
1944,0.004052603151649237
8965,0.004028752446174622
2719,0.00402583833783865
7573,0.004013592377305031
7520,0.004010018426924944
5872,0.004005057271569967
6120,0.004000676330178976
2500,0.003992738667875528
8493,0.003990066470578313
2841,0.00397812039591372
5616,0.003973017446696758
2830,0.00395905994810164
8852,0.003952463390305638
4416,0.003951846156269312
5715,0.0039506342727690935
6598,0.00393444811925292
8253,0.0039121489971876144
3415,0.0038965793792158365
1648,0.0038934890180826187
3325,0.003891314729116857
3203,0.0038811464328318834
4073,0.0038658210542052984
1260,0.0038577879313379526
8043,0.0038550863973796368
2987,0.0038363508647307754
2945,0.0038358663441613317
7048,0.0038262695306912065
3085,0.003820009413175285
7422,0.0038122094701975584
840,0.003812137641943991
3853,0.0038117029471322894
9489,0.0038108276203274727
7361,0.0038013244047760963
8659,0.003800994483754039
6779,0.0037976859603077173
5753,0.003797287936322391
9898,0.003794992808252573
1155,0.0037624214310199022
396,0.003753146855160594
1165,0.0037517889868468046
5909,0.003747581853531301
2853,0.0037369688507169485
1954,0.0037365159951150417
4624,0.0037211672170087695
5692,0.003713201032951474
9174,0.0037070729304105043
3057,0.0037013401743024588
4081,0.0036976331612095237
7007,0.0036916006356477737
7156,0.0036897752434015274
1388,0.0036821876419708133
4322,0.0036677117459475994
8234,0.0036657784366980195
5483,0.0036631678231060505
935,0.003654631902463734
8754,0.003650975995697081
2921,0.0036487579345703125
8246,0.0036461077397689223
1131,0.0036460598930716515
8292,0.003642527386546135
1556,0.0036317185731604695
9874,0.0036290244897827506
1773,0.0036222328199073672
1529,0.0036147600039839745
1948,0.0036113811656832695
4369,0.0036037566605955362
3137,0.0036024851724505424
1391,0.0036021475680172443
3614,0.0035857828333973885
5024,0.003575597540475428
195,0.0035735031124204397
1633,0.0035716264974325895
4330,0.003557759104296565
5155,0.003552362904883921
5466,0.003547789645381272
2899,0.0035459210630506277
8258,0.0035314953420311213
3653,0.00353129836730659
7365,0.003521041013300419
7692,0.0035181354032829404
8860,0.0035167610039934516
6310,0.003516587312333286
9676,0.0035147960297763348
9592,0.003513650270178914
9905,0.003512769239023328
713,0.0035092798061668873
47,0.003505122382193804
1137,0.003505112836137414
470,0.0035013046581298113
8334,0.0034897482255473733
317,0.0034714166540652514
8356,0.003468669601716101
1186,0.003463055589236319
8781,0.003453530720435083
5078,0.003449517418630421
6923,0.0034470343962311745
9279,0.003442593035288155
5476,0.003433727193623781
3163,0.0034319834085181355
9984,0.0034301532432436943
7888,0.0034275864018127322
8743,0.0034234568011015654
7148,0.0034196997294202447
7399,0.0034158749040216208
7818,0.0034090664703398943
5653,0.0033895004307851195
7087,0.0033747307024896145
4343,0.0033745109103620052
3768,0.003373656887561083
4489,0.003372113686054945
3447,0.0033451432827860117
839,0.0033373296028003097
6806,0.0033340707886964083
7297,0.0033167445799335837
3573,0.003310868516564369
3632,0.003302652738057077
7782,0.0033017805544659495
2219,0.003295614500530064
6438,0.00329291436355561
8706,0.0032771799014881253
8047,0.003274582326412201
3185,0.0032542318804189563
8882,0.003250979818403721
5784,0.003249955829232931
4497,0.0032498518703505397
6290,0.0032469001598656178
274,0.003240012447349727
8601,0.0032375468872487545
2637,0.0032349390676245093
2247,0.0032330992398783565
6483,0.003225971828214824
8790,0.003225264954380691
2337,0.0032251221127808094
4440,0.003224888234399259
1755,0.003219379112124443
1159,0.003216398414224386
3498,0.0032097436487674713
1666,0.00320568960160017
2087,0.003204478998668492
5914,0.003202189924195409
9327,0.003199332393705845
7974,0.0031933558639138937
105,0.0031868322985246778
882,0.0031781833386048675
1752,0.00317694921977818
4381,0.0031743933213874698
2743,0.003173705656081438
9376,0.0031687055015936494
3852,0.0031682082917541265
9371,0.0031661472748965025
5710,0.003165210713632405
8680,0.0031564035452902317
1704,0.0031546596437692642
2267,0.0031531001441180706
1291,0.003146515809930861
7531,0.0031454049749299884
7053,0.0031426098430529237
9651,0.0031394296092912555
829,0.0031259022653102875
8328,0.0031252774642780423
7534,0.003117290558293462
465,0.0031092287972569466
6241,0.003108120523393154
2089,0.003101150970906019
6812,0.003099033026956022
3966,0.0030921752331778407
3076,0.003090128186158836
4006,0.003088089288212359
3712,0.0030865055741742253
7018,0.00308502244297415
5062,0.0030758274951949716
6917,0.0030744397081434727
3105,0.0030725185060873628
9143,0.003070464823395014
3536,0.003065637545660138
3720,0.003055463428609073
7756,0.003048169193789363
6337,0.003038481343537569
900,0.00303676282055676
3314,0.0030331612797454
6210,0.0030328284483402967
4460,0.003032307024113834
7051,0.0030320974765345454
141,0.0030311455484479666
8501,0.003023496479727328
5266,0.003020889824256301
8919,0.003008818719536066
2048,0.002984181744977832
3052,0.002975860727019608
1443,0.002975109964609146
1233,0.002973178285174072
9852,0.002971634268760681
4002,0.0029708053916692734
282,0.0029613638762384653
2338,0.002961350488476455
594,0.0029555154033005238
4315,0.0029471797170117497
7319,0.0029452830785885453
2577,0.0029391503194347024
8314,0.00292762229219079
2901,0.002924625761806965
5084,0.00292359571903944
8611,0.002922666957601905
5630,0.0029082446126267314
9986,0.00290782714728266
3035,0.0028967212419956923
360,0.0028937581228092313
6426,0.002886607777327299
4627,0.0028815240366384387
9744,0.0028790547512471676
1750,0.0028764921007677913
2873,0.002871528035029769
3589,0.0028687177691608667
564,0.002854545833542943
4146,0.0028532311553135514
8287,0.00283237686380744
1897,0.0028322747675701976
4356,0.0028292733477428555
2758,0.002821089932695031
7215,0.00281734811142087
5184,0.002816779655404389
4264,0.002800864167511463
3703,0.002800291054882109
9973,0.0028001293540000916
444,0.002798291854560375
538,0.002791502163745463
8038,0.0027887970209121704
5450,0.002784350304864347
3082,0.0027840433176606894
7388,0.002776943612843752
3129,0.002766221761703491
1289,0.0027643853100016713
9039,0.0027591107646003366
3674,0.002753805019892752
878,0.00275309884455055
4540,0.002746873302385211
6402,0.002744881436228752
5763,0.0027402814012020826
1394,0.0027375374920666218
31,0.0027346363058313727
7028,0.0027319389628246427
5478,0.0027302855160087347
2838,0.002728947438299656
2609,0.002726129721850157
3796,0.0027235897723585367
1655,0.00272256787866354
6526,0.002721902448683977
7749,0.00272139860317111
8697,0.0027104594046249986
8460,0.002703782287426293
9322,0.0026990239275619388
4113,0.002691459492780268
1142,0.0026900984812527895
6394,0.0026802243664860725
5959,0.002678191987797618
7522,0.002664047642610967
8613,0.002661388600245118
3234,0.0026562527054920793
9544,0.0026550248730927706
1217,0.0026549637550488114
7627,0.002649730769917369
43,0.002647945308126509
3320,0.0026471330784261227
407,0.0026453580940142274
6260,0.002643093350343406
4034,0.0026406694669276476
7835,0.0026387969264760613
1498,0.0026348786195740104
9573,0.0026313625276088715
2882,0.002630723873153329
7789,0.00262459774967283
9798,0.002616112935356796
3688,0.0026118967216461897
7174,0.0026096890214830637
7284,0.002608679700642824
3116,0.0026001714868471026
3805,0.0025997821940109134
6936,0.002595196827314794
2408,0.0025948623660951853
2833,0.0025938766775652766
7470,0.002591105177998543
2108,0.002590194810181856
4897,0.0025892682606354356
2556,0.0025887335650622845
9715,0.0025785447796806693
7777,0.0025739214615896344
773,0.002569756587035954
1759,0.0025689724134281278
4751,0.00256838311906904
3387,0.0025638325605541468
3628,0.002557064639404416
1769,0.002545263967476785
9373,0.002539950772188604
4062,0.002535018138587475
8843,0.0025346397887915373
7043,0.002531241741962731
9116,0.0025277910754084587
9117,0.00252490839920938
4562,0.0025248172460123897
5295,0.002522890572436154
8170,0.0025216052308678627
4199,0.0025186974089592695
5465,0.0025186205748468637
4325,0.0025108489207923412
1442,0.002509146463125944
4733,0.00250840256921947
5056,0.002506469958461821
6280,0.002493905136361718
3595,0.002485578414052725
6701,0.002485285047441721
9990,0.002484772470779717
9777,0.0024809461319819093
4444,0.002463187905959785
4576,0.002461220952682197
634,0.0024572359398007393
2935,0.002452922286465764
1041,0.0024453354999423027
65,0.0024396523367613554
8737,0.0024369329912588
3560,0.0024358313530683517
514,0.0024326948914676905
3920,0.002431929809972644
4090,0.0024310413282364607
4383,0.0024277481716126204
3142,0.0024276842596009374
275,0.0024197694147005677
9286,0.0024196445010602474
4927,0.002419159049168229
5800,0.0024161849869415164
8235,0.002415955765172839
8272,0.0024078426649793983
6745,0.002407583058811724
234,0.002405198523774743
1945,0.0024027873296290636
1550,0.0024025849997997284
8964,0.002401576261036098
5795,0.002399659832008183
7825,0.0023993176873773336
1930,0.0023972054477781057
7914,0.002392373513430357
7372,0.0023836696054786444
3154,0.0023832109291106462
9079,0.0023812729632481933
1951,0.0023787420941516757
5859,0.002375603769905865
4647,0.0023680542362853885
8707,0.002366375527344644
3542,0.0023638979764655232
88,0.002362246857956052
798,0.0023598435800522566
5158,0.0023554227082058787
5579,0.0023550118785351515
1535,0.00234870461281389
9138,0.002346444525755942
6046,0.0023413432063534856
3442,0.002339908154681325
5346,0.002335811615921557
8276,0.002335508121177554
4714,0.002329576527699828
6733,0.002327923313714564
2205,0.0023255732376128435
7547,0.002322069020010531
213,0.002313769655302167
6460,0.0023094419157132506
9906,0.0023044701665639877
2845,0.0022981908405199647
8899,0.0022971758153289557
8887,0.0022872103145346045
9304,0.0022818801226094365
9095,0.0022791376104578376
1306,0.0022764841560274363
586,0.0022753908997401595
2905,0.002271292731165886
7744,0.0022706855088472366
8769,0.002269004937261343
251,0.0022624857956543565
2900,0.0022618200164288282
1824,0.0022581437369808555
1652,0.002256773877888918
9700,0.0022540625650435686
4294,0.0022507780231535435
5505,0.002243677619844675
645,0.002241886453703046
2533,0.0022331741638481617
7105,0.0022328562336042523
1082,0.0022319579729810357
7384,0.002229907433502376
6255,0.002222337992861867
8519,0.002219116664491594
2979,0.002212516264989972
7180,0.0022072973661124706
6313,0.002204964170232415
8923,0.0022047098027542233
121,0.0022044392535462976
4875,0.002203655429184437
9682,0.0021985465427860618
5243,0.0021981066092848778
5956,0.0021952352253720164
4078,0.0021928283385932446
7773,0.0021918690763413906
8681,0.002186721656471491
6061,0.0021798040252178907
9146,0.0021756236674264073
3773,0.0021717220079153776
4099,0.002170463907532394
5120,0.0021667934488505125
7004,0.00216442602686584
7135,0.0021630522096529603
3723,0.0021621896885335445
1461,0.0021609643008559942
7702,0.0021541877649724483
1710,0.002149087027646601
7993,0.0021489575738087296
9934,0.0021489335922524333
2370,0.0021429338958114386
1784,0.0021428564796224236
2950,0.00213000294752419
266,0.002126714331097901
1358,0.002123722922988236
261,0.0021210787817835808
4387,0.0021189225371927023
5655,0.0021152306580916047
530,0.0021137737203389406
3678,0.0021116891875863075
5563,0.002107064356096089
4236,0.002105391235090792
4352,0.0021025058813393116
9368,0.0020996163366362453
5242,0.002099502016790211
7303,0.002098839613609016
5314,0.0020987235475331545
8521,0.002095221308991313
1343,0.0020939077949151397
3513,0.0020923784468322992
9969,0.00209226505830884
9464,0.002088137436658144
9601,0.0020836753537878394
9295,0.0020818435586988926
2316,0.002080347388982773
6062,0.0020793986041098833
3357,0.002079295925796032
9410,0.002075340016745031
4704,0.0020709383534267545
731,0.002065298496745527
14,0.002065156470052898
2288,0.0020643953466787934
3855,0.0020642417948693037
7344,0.0020591621287167072
8137,0.002057582954876125
2188,0.002054445445537567
1479,0.002054365584626794
5395,0.002052683033980429
2584,0.002051137387752533
8375,0.002050458686426282
9725,0.00204881455283612
1577,0.0020465634297579527
4649,0.0020388783887028694
2342,0.0020287305815145373
631,0.0020286395447328687
8677,0.0020279530435800552
5988,0.002025835681706667
2865,0.002024554996751249
9067,0.0020220382139086723
795,0.00201817462220788
1988,0.0020158245461061597
9471,0.0020144196460023522
5886,0.0020113388309255242
9426,0.0020080615067854524
1581,0.0020034719491377473
9799,0.0020025504054501653
3008,0.002001873916015029
7305,0.00199723057448864
1657,0.001992478035390377
2441,0.0019901894265785813
4402,0.0019865345675498247
5977,0.0019841655157506466
4807,0.001979133114218712
7934,0.0019784976029768586
7332,0.001975904335267842
1167,0.0019753676606342196
669,0.001974531216546893
2167,0.0019744125893339515
1931,0.001972099591512233
5350,0.001972004771232605
9158,0.001969094155356288
1134,0.0019663149723783135
9242,0.001963500864803791
5136,0.0019628987065516412
3480,0.001960310386493802
5180,0.0019585915142670274
6645,0.001958025386556983
7479,0.001953320170287043
7953,0.0019511725986376405
3539,0.0019506309763528407
2903,0.0019469723338261247
2590,0.0019467421807348728
3908,0.001946711796335876
3397,0.0019460545154288411
4848,0.0019395800190977752
99,0.0019388557993806899
4886,0.0019366442575119436
4544,0.0019338243291713297
6320,0.0019301185384392738
3391,0.0019131493172608316
8851,0.0019116104813292623
150,0.0019097835756838322
7355,0.0019073209259659052
8273,0.0019028394017368555
7050,0.001902152900584042
2032,0.0019016275182366371
3861,0.001901057839859277
2242,0.001898340997286141
9139,0.001887196209281683
685,0.0018841699929907918
973,0.0018825884908437729
1375,0.0018806724110618234
7080,0.0018787364242598414
4455,0.0018781961407512426
1210,0.0018694631871767342
5400,0.001868157007265836
4392,0.0018676380859687924
8875,0.0018639700138010085
615,0.0018583282944746315
4515,0.0018566802027635276
3338,0.001855550508480519
6178,0.0018537078867666423
9644,0.0018509749206714332
1089,0.0018486562767066061
7489,0.001845718827098608
5212,0.001842249883338809
7741,0.0018411603523418307
2185,0.0018391520134173334
3811,0.001838486932683736
7432,0.0018343639094382524
155,0.0018323641270399094
1367,0.0018295242334716022
9795,0.0018292658496648073
3023,0.0018262708326801658
3592,0.0018247572588734329
6606,0.001823672791942954
7268,0.0018217223696410656
6105,0.0018163707572966814
9478,0.0018077698769047856
1877,0.0018074341933242977
3778,0.001805439474992454
356,0.001801205682568252
9552,0.0017951177433133125
9488,0.0017928245360963047
6033,0.0017912897747009993
3021,0.001789152272976935
3027,0.0017862840322777629
299,0.0017856071353890002
5537,0.001779457088559866
4993,0.0017790300189517438
7461,0.0017736969166435301
9774,0.0017727511003613472
7507,0.001767595298588276
5446,0.0017674040864221752
6595,0.0017638056306168437
7102,0.0017604680615477264
628,0.0017578327096998692
4966,0.0017558580730110407
6734,0.001747896196320653
5791,0.0017473965999670327
2789,0.0017449315055273473
4558,0.0017415774054825306
4378,0.0017399084754288197
4958,0.0017397866467945278
3295,0.0017365238163620234
2538,0.0017358054756186903
2566,0.0017325236112810671
3880,0.0017271856195293367
7027,0.0017266118084080517
958,0.0017255593556910753
8113,0.0017226002528332174
6633,0.0017216023989021778
916,0.0017209140351042151
6956,0.001719203486572951
6578,0.001715437916573137
7212,0.0017139248666353524
2729,0.0017132844077423215
1211,0.001711299642920494
4396,0.0017089706379920244
8938,0.0017061990802176297
5171,0.0017012113239616156
8633,0.0016934447921812534
1229,0.001688086660578847
174,0.0016795389237813652
1237,0.001679499284364283
8286,0.001678071916103363
8785,0.0016765475738793612
3293,0.0016731600044295192
4513,0.001672692596912384
4373,0.0016711705829948187
9237,0.001669644087087363
8076,0.0016686454764567316
1437,0.0016666721203364432
3000,0.0016655598301440477
4936,0.0016572345048189163
5569,0.001657008659094572
4822,0.001656592998187989
9280,0.0016476080054417253
9520,0.0016451170668005943
5236,0.0016439440660178661
9568,0.00164370599668473
7165,0.0016386029310524464
2657,0.0016384237096644938
9071,0.0016373884864151478
3783,0.0016313150990754366
8367,0.0016278172261081636
5014,0.0016263549914583564
8484,0.0016227868618443608
6762,0.0016203501145355403
8913,0.0016184208216145635
7733,0.0016182539402507246
8990,0.001616853754967451
5880,0.0016168392612598836
6757,0.0016142131062224507
8940,0.001610481645911932
9206,0.0016069643897935748
2443,0.0016025350778363645
7483,0.001600752177182585
3097,0.001599690644070506
8561,0.0015996464062482119
422,0.001596538641024381
8456,0.0015958664007484913
9558,0.0015908299828879535
6420,0.001590264611877501
7430,0.0015883076121099293
5713,0.0015812054043635726
8006,0.0015803200076334178
7650,0.0015746476128697395
3905,0.0015633057919330895
5765,0.0015616340679116547
999,0.0015562300686724484
1826,0.001555354567244649
6048,0.0015510007506236434
6055,0.0015509863733313978
3537,0.0015491216909140348
1618,0.0015468854689970613
7188,0.0015463797026313841
5294,0.001543515536468476
3550,0.0015417052200064063
3200,0.0015328394365496933
2718,0.0015314953634515405
5527,0.0015308749279938638
9165,0.0015304053667932749
9785,0.001529819332063198
7368,0.001529047847725451
2673,0.0015256115002557635
6819,0.001525441708508879
2787,0.0015249610878527164
9405,0.001521676778793335
9640,0.0015214934828691185
158,0.0015210050623863935
267,0.001520718156825751
9291,0.001520185498520732
5854,0.001512307790108025
6813,0.0015096547431312501
4061,0.0015074219554662704
3586,0.001506987086031586
2321,0.001506286731455475
9346,0.001501670223660767
4509,0.00150138366734609
8275,0.0015007987967692316
2765,0.0015001108404248953
7047,0.0014983025612309575
8012,0.00149798474740237
8694,0.0014913816703483462
1735,0.0014884950360283256
5248,0.001485340646468103
3393,0.0014852822059765458
4565,0.0014829706051386893
4542,0.0014827942941337824
6753,0.0014824457466602325
2739,0.0014761941274628043
5986,0.001475522294640541
9125,0.0014751508715562522
3522,0.0014720213366672397
8885,0.0014719337923452258
8237,0.0014711682451888919
6240,0.0014655683189630508
5756,0.001464466447941959
6839,0.0014617443084716797
3277,0.0014616316766478121
7651,0.0014596444088965654
4470,0.001459093182347715
7386,0.0014569640043191612
5306,0.0014543257420882583
5020,0.0014532552449963987
7505,0.0014527640887536108
5740,0.0014516952796839178
3472,0.0014513508649542928
1280,0.0014490077155642211
7181,0.001445486443117261
9507,0.0014436770579777658
5186,0.001440685533452779
6663,0.0014398479834198952
4379,0.001438512175809592
2075,0.001437970029655844
881,0.001434915408026427
3625,0.0014300938928499818
2721,0.0014283805503509939
777,0.0014255449641495943
8723,0.0014243930927477777
2893,0.0014237729483284056
855,0.001419366686604917
9812,0.0014180564903654158
6015,0.0014152959920465946
5256,0.0014138778788037598
2525,0.0014135448727756739
3576,0.001413205056451261
5118,0.001412039331626147
7604,0.0014113166253082454
7503,0.0014106326270848513
5793,0.001410266850143671
7842,0.0014093435602262616
161,0.0014088808093219995
587,0.0014081001281738281
7879,0.001406518742442131
3691,0.0014009136357344687
6638,0.001400394772645086
6584,0.0013999106595292687
6722,0.0013961681397631764
1601,0.0013960697688162327
4591,0.0013941325014457107
144,0.0013939085765741765
168,0.001392514503095299
7580,0.0013876825105398893
5602,0.0013863469357602298
7509,0.0013803361216560006
7742,0.001378557295538485
5541,0.0013764981413260102
8133,0.0013754127430729568
5632,0.0013737392146140337
2425,0.0013712018262594938
9301,0.0013698179391212761
4984,0.0013667243183590472
6006,0.0013645411236211658
218,0.0013605247368104756
2835,0.0013593228650279343
8082,0.001358520530629903
6188,0.0013557017664425075
7171,0.001354451000224799
8761,0.0013528536073863506
9450,0.0013524576788768172
6361,0.0013523540110327303
3322,0.0013504130765795708
4908,0.0013468677643686533
8335,0.0013464834773913026
3587,0.0013450800906866789
6012,0.0013419405440799892
3437,0.0013417688896879554
186,0.0013417620211839676
8337,0.0013400331372395158
3651,0.0013373648980632424
2116,0.001336941437330097
9992,0.0013368575600907207
9173,0.0013356441631913185
5374,0.001334625412710011
8815,0.001333413878455758
6111,0.0013297513942234218
1199,0.0013266134774312377
5712,0.0013257185346446931
5584,0.0013253304059617221
4280,0.001324150594882667
3738,0.001319005386903882
8270,0.0013186331489123404
6298,0.0013182698749005795
1497,0.0013181546237319708
2218,0.0013180049136281013
420,0.0013163106050342321
5022,0.0013135526096448302
5831,0.0013101473450660706
2536,0.0013074074522592127
5206,0.0013072658330202103
827,0.001304470410104841
1427,0.0013044673833064735
103,0.0013019031612202525
3049,0.0012989873066544533
6217,0.0012958828592672944
2643,0.0012955631827935576
6668,0.0012849913910031319
8289,0.001283723337110132
2454,0.0012830272316932678
8307,0.0012826126185245812
4658,0.0012801542761735618
9344,0.0012792909983545542
4952,0.0012790674227289855
6037,0.0012775629293173552
5897,0.0012754361960105598
9947,0.0012728182482533157
5230,0.0012694126926362514
3014,0.0012622626381926239
2869,0.0012620060588233173
3125,0.0012581200571730733
978,0.0012546249199658632
3563,0.0012540580937638879
2735,0.0012529512750916183
9645,0.0012508968356996775
6911,0.0012466125190258026
64,0.0012412017094902694
268,0.0012397877289913595
106,0.0012353976489976048
5507,0.0012347624287940562
3562,0.0012292502797208726
6206,0.001227460044901818
722,0.0012272141175344586
3970,0.0012266678968444467
6613,0.001223608443979174
494,0.0012215996976010501
8048,0.0012215871829539537
6323,0.00122012197971344
6345,0.0012196314637549222
4311,0.0012127671507187188
8747,0.001212420524097979
5406,0.0012112661497667432
2138,0.0012058451538905501
7147,0.001205587643198669
7875,0.0012047737836837769
3754,0.0012043851893395185
1647,0.0012007395853288472
2690,0.0011966333258897066
242,0.0011965336161665618
5216,0.0011958791292272508
3306,0.0011942905839532614
5315,0.0011926389415748417
6107,0.0011922316625714302
1220,0.0011910356697626412
644,0.0011901573743671179
8849,0.0011879350058734417
1373,0.0011855358025059104
7623,0.0011841653613373637
2831,0.0011840793304145336
5457,0.0011836051126010716
1481,0.0011807389673776925
2509,0.0011801344226114452
7094,0.0011747117969207466
7855,0.0011743633076548576
9529,0.0011735086445696652
9591,0.0011734982836060226
6106,0.001171354262623936
4680,0.0011664461926557124
3694,0.0011648673680610955
9115,0.0011635955888777971
3368,0.0011565926251932979
9754,0.0011544353910721838
4347,0.001153642253484577
9985,0.0011525779264047742
8058,0.0011525669833645225
6771,0.0011521965498104692
6180,0.0011510829790495336
9579,0.001149849034845829
7318,0.0011494106729514897
5239,0.001147343427874148
3033,0.001143731118645519
8520,0.0011429775622673333
8833,0.001142181339673698
5364,0.0011382856755517423
3196,0.001138184277806431
5453,0.001137286308221519
9467,0.0011365972459316254
9808,0.0011320071062073112
1438,0.0011315305018797517
7792,0.0011312311398796737
3884,0.001130390795879066
4286,0.00112910196185112
6175,0.0011287577799521387
7381,0.0011258922750130296
1639,0.0011253494303673506
63,0.0011234900448471308
72,0.0011219645966775715
3401,0.0011217851424589753
9839,0.0011203594040125608
8362,0.001119683205615729
595,0.0011172760277986526
7485,0.0011165130999870598
3747,0.0011157338158227503
7379,0.0011136855173390359
3574,0.0011127676698379219
1979,0.0011127264006063342
2812,0.0011120248236693442
3479,0.0011109926272183657
574,0.0011096895905211568
6334,0.0011091596679762006
951,0.001108046853914857
6600,0.0011058966047130525
2780,0.0011030632304027677
5396,0.0011021995451301336
4525,0.0011013018665835261
2716,0.0010951628210023046
4209,0.0010923436493612826
4796,0.0010882274364121258
9587,0.001085621421225369
1539,0.0010794824338518083
1132,0.0010755403200164437
5419,0.001073461549822241
7014,0.001073265157174319
3663,0.0010710024507716298
5643,0.0010704926680773497
3122,0.0010690620983950794
8779,0.001067610108293593
4614,0.0010673183132894337
3549,0.0010673090582713485
1956,0.0010663358843885362
3608,0.0010662435088306665
5759,0.0010650368640199304
9877,0.0010645192814990878
2560,0.0010610471363179386
1183,0.001059876347426325
862,0.0010592506732791662
2503,0.0010571886668913066
3060,0.0010571689927019179
3436,0.0010571550810709596
8377,0.0010568270226940513
187,0.0010565993143245578
8327,0.0010539923096075654
6831,0.0010512224398553371
4949,0.0010473030270077288
7796,0.001038145157508552
6898,0.0010364623158238828
6791,0.0010359621373936534
7198,0.0010349840740673244
179,0.0010349390213377774
2381,0.0010338788852095604
7242,0.0010338430292904377
3328,0.0010296304244548082
5017,0.0010290700593031943
4323,0.001027810387313366
3580,0.0010277902474626899
5471,0.0010271832579746842
4153,0.001026434125378728
987,0.0010233991779386997
4428,0.001019334711600095
3578,0.0010185646824538708
5148,0.001016343361698091
1547,0.0010162477265112102
9166,0.0010097421472892165
2115,0.0010097071644850075
6308,0.0010092767188325524
3219,0.0010084701934829354
8981,0.0010060208151116967
2301,0.0009992430568672717
7938,0.0009981508483178914
7890,0.0009978287853300571
2291,0.0009975628927350044
6409,0.0009974271524697542
7231,0.0009965764184016734
223,0.0009941993048414588
2659,0.0009905760234687477
3882,0.0009902730816975236
6644,0.0009873748640529811
1969,0.000987292150966823
1917,0.0009861669677775353
5824,0.0009849996422417462
2862,0.0009823358850553632
3804,0.0009818390244618058
3877,0.0009797020175028592
8924,0.0009746055584400892
1904,0.0009740259265527129
8192,0.0009704635012894869
4901,0.0009688645368441939
249,0.00096709537319839
3730,0.0009655806061346084
1949,0.0009613814472686499
6807,0.0009566161897964776
6901,0.0009548533125780523
1857,0.0009530447423458099
9943,0.0009520672028884292
2296,0.0009501000749878585
7059,0.0009483892354182899
3656,0.0009476552077103406
1573,0.0009473089594393969
1527,0.0009469263604842126
2957,0.0009431805228814483
6533,0.0009426205651834607
4749,0.0009424733289051801
1128,0.0009419617708772421
2894,0.0009375557710882276
7793,0.0009334190981462598
2434,0.0009321883844677359
1416,0.0009286715358030051
3206,0.0009281081147491932
3830,0.0009266688139177859
2785,0.000926083157537505
2160,0.000925636850297451
6146,0.0009235861070919782
1892,0.0009197038016282022
5354,0.0009166235395241529
6403,0.0009143368224613369
7690,0.0009125057549681515
7907,0.0009122478659264743
3141,0.0009118476300500333
1729,0.0009109914535656571
9403,0.0009107101068366319
4000,0.0009105386270675808
8760,0.0009102105686906725
6023,0.0009098400769289583
4132,0.0009086219943128526
3053,0.0009077737049665302
8824,0.0009067249193321913
8490,0.0009058929863385856
3571,0.0009006203035824001
9497,0.0008974659722298384
5488,0.0008954502118285745
6776,0.0008933350909501314
8052,0.000891946634510532
6871,0.0008882105466909707
8089,0.0008880709065124393
6410,0.0008879259112291038
4068,0.000884914887137711
4955,0.0008841301896609366
7247,0.0008838995709083974
7850,0.0008804097014945
1462,0.0008791312284301966
361,0.0008786616090219468
4759,0.0008755084127187729
1921,0.0008742485661059618
7022,0.0008741313649807125
1588,0.0008723456412553787
8169,0.0008706912922207266
4108,0.0008683218620717525
5976,0.0008680252940393984
9810,0.0008674923155922443
6238,0.0008671150426380336
8705,0.0008649147057440132
7677,0.0008603348978795111
5111,0.0008585116302128881
1984,0.0008583843009546399
7719,0.0008581746660638601
756,0.0008569959318265319
5804,0.0008555519161745906
7282,0.0008465067949146032
3034,0.0008439544471912086
1797,0.0008431421592831612
8933,0.0008422721875831485
3732,0.0008388289716094732
7468,0.0008383664826396853
504,0.0008380341168958694
5040,0.0008368905691895634
3371,0.000831420678878203
1019,0.0008312920108437538
6518,0.0008311292040161788
988,0.0008299786713905632
1521,0.0008298116154037416
7207,0.0008284150098916143
4862,0.0008276170410681516
8695,0.0008264906937256455
3777,0.0008260463364422321
5774,0.0008255359716713428
8589,0.0008231301908381283
1586,0.0008230099629145116
3013,0.0008225959027186036
2953,0.0008224119083024561
800,0.0008223018958233297
3400,0.0008217294816859066
3159,0.0008187462226487696
6853,0.0008124764426611364
9756,0.0008097553800325841
3962,0.000809304037829861
7041,0.0008067162416409701
5005,0.0008066390873864293
2244,0.0008042691042646766
7656,0.0008033839985728264
7638,0.0008030564931686968
3611,0.0008007646247278899
985,0.000800557405455038
2347,0.0007993848703335971
5535,0.0007988474098965526
1060,0.0007962763775140047
2098,0.0007951303268782794
3942,0.0007944833487272263
3645,0.0007939648348838091
5591,0.0007932938169687986
9981,0.0007910896674729884
159,0.000790783844422549
7486,0.0007901824137661606
7992,0.0007891592686064541
5689,0.0007872929563745856
796,0.0007867710955906659
7243,0.0007857440505176783
7640,0.0007850790570955724
7436,0.0007808967784512788
5589,0.0007802773325238377
1055,0.0007790669042151421
5077,0.000777293520513922
936,0.0007770583033561707
8105,0.0007766806229483336
6050,0.000776613422203809
8813,0.0007763956673443317
837,0.0007750087243039161
3448,0.000774870568420738
5812,0.0007733299571555108
219,0.0007727024494670331
1661,0.0007716382388025522
8160,0.0007702663133386523
387,0.0007690360071137547
8061,0.0007669137849006802
2842,0.0007630174222867936
888,0.0007623484707437456
2725,0.000761154165957123
8955,0.000759247486712411
8489,0.0007577321375720203
5924,0.0007576964562758803
2085,0.0007560926605947316
750,0.000756036228267476
6468,0.000755259912693873
7700,0.000754525390220806
5081,0.0007528376299887896
3541,0.0007492552977055311
6657,0.000748812104575336
9690,0.0007480116619262844
6223,0.0007474344747606665
1726,0.0007457801257260144
2647,0.0007451167912222445
1756,0.0007434680301230401
2897,0.0007397904701065272
7734,0.0007388358353637159
3143,0.0007376440626103431
9670,0.0007374732231255621
252,0.0007370805833488703
4094,0.0007362323813140392
5464,0.0007356996648013592
8454,0.0007355203561019152
4193,0.0007341794262174517
6289,0.0007340645242948085
4420,0.0007330244407057762
6395,0.0007329281652346253
9590,0.0007319880533032119
4346,0.0007316532428376377
7765,0.0007266473839990795
6393,0.0007241248968057334
9023,0.0007217441452667117
4047,0.0007215519435703754
5950,0.0007192697667051107
411,0.0007191949989646673
9649,0.0007179485401138663
8011,0.0007178907108027488
8560,0.0007108970894478261
6467,0.0007101427181623876
6449,0.0007085285615175962
5257,0.0007080651121214032
502,0.0007073247106745839
4095,0.0007056053436826915
5085,0.0007054934685584158
7369,0.0007036763126961887
720,0.0007033222063910216
582,0.0007009422697592527
778,0.0006993877759668976
2988,0.0006969041423872113
6665,0.0006925076886545867
6355,0.0006902962923049927
3285,0.000689447857439518
4564,0.0006880138826090842
415,0.0006878166750539094
4484,0.0006871926598250866
1115,0.000687186635332182
8075,0.0006862786249257624
8132,0.0006859547283966094
583,0.0006853335653431714
271,0.00068530926364474
9959,0.0006837602413725108
3863,0.000683619495248422
6611,0.0006825629097875208
2976,0.0006818255642428994
8026,0.0006811356288380921
5599,0.000681043864460662
9290,0.0006799699331168085
1621,0.0006768236635252833
7376,0.0006730065506417304
9843,0.0006722815742250532
5168,0.0006698603101540357
7517,0.0006641757499892265
9709,0.0006633975135628134
5887,0.0006624802190344781
1031,0.0006623194494750351
2014,0.000661512283841148
5497,0.0006604902155231684
3746,0.00065869145328179
7410,0.0006576971500180662
1619,0.000653378083370626
4776,0.0006519655580632389
1514,0.0006496573914773762
7239,0.0006484840996563435
1144,0.000648181390715763
8645,0.0006462159799411893
7678,0.0006446107872761786
7558,0.0006443911697715521
8838,0.0006443149177357554
6778,0.0006428835913538933
7320,0.0006409095949493349
35,0.0006354094948619604
4773,0.0006348573951981962
4,0.0006330526666715741
8557,0.0006329153256956488
4526,0.0006304661510512233
7726,0.0006241162191145122
1318,0.0006236000917851925
8995,0.0006227116100490093
5773,0.0006204106612131
6841,0.0006196550384629518
7643,0.0006147385865915567
7216,0.0006135954172350466
425,0.0006105896318331361
6130,0.0006099549354985356
520,0.0006089579546824098
2650,0.0006089023081585765
5848,0.0006076775025576353
1743,0.0006071750249247998
8264,0.0006063271430321038
739,0.000606122484896332
8514,0.0006021042063366622
8812,0.0006018239655531943
6412,0.0005999181303195655
3524,0.0005994636740069836
5861,0.0005985305469948798
5772,0.0005968015175312757
3010,0.0005955773813184351
448,0.0005937851965427399
879,0.0005927022721152753
2961,0.0005912294145673513
8168,0.0005908228922635317
8299,0.0005876604991499335
2658,0.0005871779285371304
7452,0.0005865285638719797
82,0.000584824476391077
1721,0.0005842715036123991
5783,0.0005837352946400642
2145,0.0005796682962682098
3621,0.0005779577186331153
3781,0.0005778467748314142
3826,0.0005775501776952296
1181,0.0005766114918515086
3382,0.0005759834602940828
3385,0.0005743519868701696
8834,0.0005740644119214267
6381,0.0005737444735132158
9032,0.0005710454133804888
939,0.0005701489571947604
401,0.0005700869951397181
7230,0.0005693196726497263
1311,0.0005669953825417906
8041,0.0005664065247401595
19,0.0005661468021571636
254,0.0005647480429615825
1786,0.0005645171040669084
2613,0.0005624302430078387
9582,0.0005616546259261668
8469,0.000560792803298682
7635,0.000559598789550364
5622,0.000559143431019038
7902,0.0005557046679314226
7122,0.0005523883446585387
5267,0.0005504083819687366
6481,0.0005483334243763238
6697,0.0005474601930473
8445,0.00054463159176521
7830,0.0005440960812848061
406,0.000544005713891238
2345,0.0005424366099759936
5728,0.0005410720186773688
4224,0.0005395538755692542
7491,0.000538813037564978
4135,0.0005373274907469749
8419,0.0005363273667171597
7017,0.0005360729992389679
5431,0.0005356662441045046
3346,0.0005352891457732767
4994,0.0005352239822968841
1691,0.000535077415406704
5404,0.0005345989193301648
6244,0.0005340295610949397
3690,0.0005317201430443674
7605,0.0005298045871313661
7578,0.00052971753757447
7292,0.0005290063854772598
6141,0.00052889488870278
9609,0.0005257503071334213
3926,0.0005208250368013978
4450,0.0005207395297475159
6810,0.0005192397220525891
2827,0.0005170268996153027
5355,0.0005146675102878362
5586,0.0005122155998833477
8188,0.0005082243587821722
4493,0.0005056454101577401
5980,0.0005020767275709659
7987,0.0005009629239793867
7697,0.0004983537073712796
1690,0.0004980166268069297
9966,0.0004977467469871044
7487,0.0004954109172103927
1471,0.0004939550708513707
9387,0.0004916466423310339
5709,0.0004911356081720442
7738,0.0004895330057479441
7971,0.0004884190857410431
3669,0.0004872794379480183
7848,0.0004844794748350978
8570,0.0004820545145776123
3698,0.00048164778854697943
3689,0.0004805503413081169
3635,0.0004801788891199976
544,0.00047865210217423737
1943,0.00047497276682406664
2571,0.00047392082342412323
2026,0.0004729046195279807
2083,0.000472436731797643
3109,0.00047178944805637
8993,0.0004709933855338022
8516,0.0004708767373813316
5588,0.00047043419908732176
860,0.00046916909923311323
5671,0.0004685800813604146
9870,0.00046765767910983413
8110,0.00046764439321123064
5432,0.00046698848018422723
3646,0.0004653026844607666
6603,0.0004649383045034483
5274,0.00046449685760308057
2333,0.00046433259558398277
9933,0.0004639734688680619
6040,0.0004639586550183594
2426,0.00046048618969507515
4535,0.0004591398319462314
4761,0.000458525973954238
7696,0.0004578669322654605
6214,0.0004566120624076575
53,0.0004562611866276711
2837,0.0004548130091279745
6304,0.0004518983914749697
5925,0.00045098556438460946
3298,0.00044985600106883794
3307,0.0004496815236052498
1269,0.00044934527250006795
2962,0.00044500091462396085
2423,0.00044372936827130616
8554,0.00044264951429795474
2439,0.0004386122745927423
9455,0.0004380215978017077
167,0.00043508880480658263
7114,0.00043422575981821865
4709,0.00043369040940888226
202,0.0004305540496716276
3210,0.00042990699876099825
5618,0.0004292961966712028
4812,0.0004279356508050114
3261,0.0004278818960301578
4972,0.000427415085141547
3883,0.0004269443452358246
9752,0.000426086931838654
7055,0.00042452049092389643
2937,0.000424231358920224
844,0.00042254349682480097
4561,0.0004193605564069003
4547,0.0004180521209491417
5736,0.00041757851431611925
4272,0.0004173386259935796
5544,0.000417196933995001
9767,0.00041017605690285563
9440,0.0004098754288861528
7610,0.00040949764661490917
875,0.000408852836699225
3166,0.0004065393004566431
2489,0.00040607333357911557
5246,0.0004055973840877414
2825,0.00040301533590536565
4433,0.00040271313628181815
2463,0.0004015006707049906
9532,0.00039996756822802126
3078,0.00039707543328404427
6447,0.00039370912418235093
1277,0.00039320928044617176
6717,0.0003907305945176631
8091,0.0003884073958033696
3829,0.00038659652636852115
2456,0.0003817550459643826
4487,0.000381293983082287
338,0.0003758553648367524
3607,0.00037402995803859085
6504,0.00037334773514885455
7013,0.00037147937109693885
8391,0.0003711864410433918
6540,0.0003681547532323748
8103,0.0003675422922242433
3932,0.0003671162703540176
9652,0.000366154607036151
1738,0.00036530759825836867
4991,0.0003652336454251781
8477,0.00036464649019762874
5904,0.0003636303445091471
3042,0.00035986214061267674
7501,0.000359746249159798
9603,0.000358930992661044
46,0.00035860860953107476
5312,0.0003563835343811661
2772,0.0003561544435797259
967,0.000354921561665833
9343,0.0003546588704921305
1382,0.00035185118031222373
4342,0.0003514579584589228
6847,0.00035139544343110174
2064,0.00034468933881726116
2432,0.0003439659485593438
6259,0.00034306253655813634
6017,0.0003420882567297667
7718,0.00034153161686845124
655,0.00033666899253148586
8198,0.00033520255237817764
9643,0.0003344782307976857
3420,0.00033435376826673746
8967,0.0003338327951496467
2165,0.000331558141624555
4708,0.00033080689900089055
9556,0.00032599811675027013
7199,0.0003259727673139423
472,0.0003243712999392301
4774,0.0003241747326683253
5816,0.0003241002996219322
9398,0.0003223064268240705
4626,0.00031866299104876816
7962,0.000316170699079521
8384,0.00031605653930455446
4554,0.00031231595494318753
563,0.000311857060296461
1398,0.0003097469889326021
2280,0.0003077093278989196
667,0.0003068451042054221
8387,0.0003043410397367552
2680,0.0002997875271830708
9844,0.0002987000916618854
250,0.00029591741622425616
2896,0.0002934004587586969
8617,0.00029229518258944154
5581,0.0002901905681937933
1868,0.0002896868682000786
6411,0.0002869681775337085
337,0.0002858761727111414
9251,0.00028251738694962114
2018,0.0002814398321788758
8230,0.00027804673300124705
2828,0.00027563706680666655
3347,0.00027314582257531583
7937,0.00027206892264075577
8984,0.0002676329459063709
5764,0.000266269693383947
7008,0.00026245588378515095
818,0.00025211385218426585
9617,0.0002520333364373073
1507,0.0002494848449714482
8009,0.00024823615967761725
7459,0.00024708033015485853
3716,0.0002468638413120061
9988,0.00024539849982829764
5515,0.0002400589146418497
7769,0.0002385546176810749
3190,0.00023234289983520284
2611,0.00022323790472000837
3788,0.0002222569310106337
1999,0.00021782764815725386
8911,0.0002163710378226824
3969,0.0002142811572412029
1202,0.00021401653066277504
6941,0.0002138438940164633
7421,0.00021372525952756405
183,0.00021371631737565622
9294,0.00021256559557514265
5341,0.00020987689640605822
1116,0.00020982874411856756
2537,0.00020627144840545952
3605,0.00020264527847757563
1079,0.00019967347179772332
1308,0.00019305208115838468
2017,0.00018937557615572587
6208,0.00018693250603973866
8485,0.00017935177311301231
5167,0.0001788046574802138
4458,0.0001680237182881683
2771,0.0001672153375693597
1893,0.00016509629494976252
1265,0.00016440788749605417
2114,0.00016382522881031036
503,0.00015840980631764978
8720,0.000156889931531623
5836,0.00015667853585910052
8054,0.00015480034926440567
1804,0.00015274283941835165
3810,0.00014198482676874846
3719,0.0001314536202698946
679,0.00012960145249962807
5686,0.00012708247231785208
7752,0.00012175719166407362
1649,0.00011411505329306237
8378,0.00011194333274033852
6899,0.00010957277845591307
8548,0.00010699394988478161
4344,0.00010477516480023041
5506,0.00010133189061889425
6820,8.045338472584262e-05
5273,5.576288094744086e-05
1977,4.078764686710201e-05
9333,3.3866032026708126e-05
5598,1.829956363508245e-05
7382,1.6744073946028948e-05
4173,1.1424835975049064e-06
804,-7.257040124386549e-06
782,-1.2423377484083176e-05
2496,-2.4835106160026044e-05
3893,-2.6714697014540434e-05
6200,-2.6737834559753537e-05
3433,-2.7564659831114113e-05
8274,-3.2042582461144775e-05
4962,-3.4447766665834934e-05
2371,-4.0857943531591445e-05
8028,-4.87426295876503e-05
427,-7.425760850310326e-05
2626,-7.640389958396554e-05
1336,-7.678428664803505e-05
1329,-7.855863077566028e-05
9857,-9.60745383054018e-05
991,-0.00011916339281015098
5413,-0.00014948940224712715
6203,-0.000151790605741553
9051,-0.00015998318849597126
7440,-0.00017271558317588642
6316,-0.00018960441229864955
6425,-0.00019475872977636755
9122,-0.00019945004169130698
5255,-0.000199569680262357
591,-0.0002479586692061275
221,-0.000257989508099854
1068,-0.0002587721683084965
9382,-0.0002800405345624313
3928,-0.0003257673670304939
9894,-0.0003496708668535575
8841,-0.0003953678533434868
4305,-0.00041245298052672297
863,-0.0004324379551690072
894,-0.0005229014786891639
6071,-0.0005466816946864128
1967,-0.0005665001226589084
7314,-0.0005684357893187553
7272,-0.0006152624555397779
5047,-0.0006817252142354846
7496,-0.0007012651767581701
1654,-0.0007034384761936963
6659,-0.000720530457329005
2540,-0.0007236598758026958
2418,-0.0007273754454217851
5936,-0.0007379073649644852
5853,-0.0007877413590904325
3225,-0.000788580160588026
4481,-0.0007892530411481857
6599,-0.0007987236604094505
9292,-0.0008560607675462961
7608,-0.000887758971657604
1195,-0.0009347154991701245
7806,-0.0009454344108235091
4574,-0.0010439709876663983
6002,-0.0010654162615537643
956,-0.00112976785749197
1821,-0.001151101489085704
5860,-0.0011756662279367447
9569,-0.0013220328837633133
6622,-0.0013533851015381515
5742,-0.001413501799106598
874,-0.0014398061321116984
1617,-0.0015197020256891847
6809,-0.001546257408335805
5351,-0.0016047157114371657
5570,-0.0016516846371814609
8364,-0.0016593639738857746
1298,-0.001696716994047165
7946,-0.001733217912260443
1401,-0.0017653951072134078
1255,-0.0020970904733985662
6552,-0.002234583138488233
7648,-0.0023092940682545304
1376,-0.002332487143576145
2289,-0.002339809201657772
9775,-0.0024482537992298603
9347,-0.002623019739985466
3404,-0.0027217327151447535
5884,-0.002913102973252535
7016,-0.003051820443943143
2553,-0.0032868877751752734
8671,-0.003311256878077984
664,-0.003370807506144047
1712,-0.0035190731287002563
1114,-0.003725116141140461
2890,-0.0041176448576152325
4133,-0.004206747282296419
5775,-0.004282545298337936
7469,-0.004412996117025614
4873,-0.004879396641626954
7324,-0.007018642034381628
2155,-0.007213375996798277
4928,-0.00972244143486023
2558,-0.009919183794409037
9614,-0.01305062836036086
2194,-0.016336225904524326
194,-0.03692418895661831
9354,-0.11851640418171883
1557,-0.14467627555131912
8673,-0.24818181991577148
5238,-0.30422644317150116
8918,-0.45832301676273346
3402,-0.5706620812416077
7185,-0.6995547711849213
4545,-0.7867664694786072
